;bild kunst porträt;blatt paris armee;blatt stück berlin;dame stadt empfindung;england haus handel;fallen körper bringen;gott seite bewegung;jung kind sehen;kraus verfasser wissenschaft;könig majestät prinz;leben art lassen;leben freund herz;polizeilich hiesig finden;schiff finden officier;sprechen pferd anekdote;sr hoheit prinzessinn;staat gesetz nation;stadt berlin versuch;theater bühne geben;thl deutsch universität
10_01_1_Gebet_des_Zoroaster;0.0018181818000000001;0.0018181818000000001;0.0018181818000000001;0.0927272727;0.0018181818000000001;0.02;0.1109090909;0.1109090909;0.0381818182;0.0018181818000000001;0.4927272727;0.0927272727;0.0018181818000000001;0.0018181818000000001;0.0018181818000000001;0.0018181818000000001;0.0018181818000000001;0.0018181818000000001;0.02;0.0018181818000000001
10_01_2_Fragment_eines_Schreibens_aus_Paris;0.035042735000000005;0.0435897436;0.0008547009;0.0008547009;0.2487179487;0.0008547009;0.0435897436;0.0008547009;0.0008547009;0.0008547009;0.36837606840000003;0.0008547009;0.0777777778;0.0008547009;0.0008547009;0.0008547009;0.0008547009;0.0521367521;0.0777777778;0.0435897436
10_01_3_Tagesbegebenheiten;0.0125;0.0125;0.0125;0.0125;0.0125;0.0125;0.0125;0.0125;0.1375;0.0125;0.0125;0.2625;0.0125;0.0125;0.0125;0.2625;0.0125;0.1375;0.0125;0.0125
10_01_4_Redaktionsanzeige;0.0032258065;0.0032258065;0.7774193548;0.035483871;0.0677419355;0.0032258065;0.0032258065;0.0032258065;0.0032258065;0.0032258065;0.0032258065;0.0032258065;0.0032258065;0.0032258065;0.0032258065;0.0032258065;0.0032258065;0.0032258065;0.0032258065;0.0677419355
10_01_5_Extrablatt_zum_ersten_Berliner_Abendblatt;0.0011904762;0.0011904762;0.0726190476;0.0011904762;0.0011904762;0.0011904762;0.0011904762;0.0011904762;0.0011904762;0.0130952381;0.0845238095;0.0845238095;0.525;0.0011904762;0.0011904762;0.0011904762;0.0011904762;0.20357142860000002;0.0011904762;0.0011904762
10_02_1_Freimuethige_Gedanken_bei_Gelegenheit_der_neuerrichteten_Univ;0.0010526316;0.0010526316;0.0010526316;0.0010526316;0.0010526316;0.011578947400000001;0.043157894700000005;0.0010526316;0.1694736842;0.011578947400000001;0.2642105263;0.011578947400000001;0.0010526316;0.0010526316;0.0010526316;0.0010526316;0.2957894737;0.0010526316;0.011578947400000001;0.1694736842
10_02_2_Fragment_eines_Schreibens_aus_Paris_Beschlu;0.0025641026;0.10512820510000001;0.053846153800000005;0.0025641026;0.0025641026;0.0025641026;0.0025641026;0.028205128200000002;0.10512820510000001;0.0025641026;0.3102564103;0.0025641026;0.0025641026;0.0025641026;0.0025641026;0.0025641026;0.0025641026;0.0025641026;0.0794871795;0.2846153846
10_02_3_Polizei-Rapport;0.0030303030000000002;0.0030303030000000002;0.0030303030000000002;0.0030303030000000002;0.0030303030000000002;0.0030303030000000002;0.0030303030000000002;0.0939393939;0.0030303030000000002;0.0030303030000000002;0.2151515152;0.0030303030000000002;0.6393939394;0.0030303030000000002;0.0030303030000000002;0.0030303030000000002;0.0030303030000000002;0.0030303030000000002;0.0030303030000000002;0.0030303030000000002
10_02_4_Tagesbegebenheiten_2.10.1810;0.0037037037000000003;0.0037037037000000003;0.0407407407;0.0407407407;0.0037037037000000003;0.0037037037000000003;0.0037037037000000003;0.0777777778;0.0037037037000000003;0.0037037037000000003;0.41111111110000004;0.0037037037000000003;0.262962963;0.0777777778;0.0037037037000000003;0.0037037037000000003;0.0407407407;0.0037037037000000003;0.0037037037000000003;0.0037037037000000003
10_02_5_Anzeige_J._E._Hitzig;0.0071428571;0.0071428571;0.0071428571;0.0071428571;0.0071428571;0.0071428571;0.0071428571;0.0071428571;0.0071428571;0.0071428571;0.0071428571;0.0071428571;0.0071428571;0.0071428571;0.0071428571;0.0071428571;0.0071428571;0.0071428571;0.0071428571;0.8642857143
10_03_1_Freimuethige_Gedanken_bei_Gelegenheit_der_neuerrichteten_Univ;0.0009009009;0.0009009009;0.0009009009;0.0009009009;0.0009009009;0.0009009009;0.0009009009;0.0009009009;0.1990990991;0.0009009009;0.3522522523;0.07297297300000001;0.0189189189;0.0009009009;0.0189189189;0.0009009009;0.109009009;0.0099099099;0.0009009009;0.2081081081
10_03_2_An_unsern_Iffland;0.0166666667;0.0166666667;0.0166666667;0.0166666667;0.0166666667;0.0166666667;0.0166666667;0.0166666667;0.0166666667;0.0166666667;0.0166666667;0.0166666667;0.1833333333;0.0166666667;0.0166666667;0.0166666667;0.0166666667;0.0166666667;0.5166666667;0.0166666667
10_03_3_Franzosen-Billigkeit;0.0038461538;0.042307692300000005;0.0038461538;0.0038461538;0.0038461538;0.0038461538;0.0038461538;0.042307692300000005;0.0038461538;0.0038461538;0.042307692300000005;0.46538461540000003;0.0038461538;0.1192307692;0.2346153846;0.0038461538;0.0038461538;0.0038461538;0.0038461538;0.0038461538
10_03_4_Polizei-Rapport._Vom_3._October;0.0028571429;0.0314285714;0.0028571429;0.0028571429;0.0028571429;0.1457142857;0.0028571429;0.0028571429;0.0028571429;0.0028571429;0.1742857143;0.0028571429;0.4314285714;0.0028571429;0.0028571429;0.0028571429;0.0028571429;0.06;0.1171428571;0.0028571429
10_04_1_Freimuethige_Gedanken_bei_Gelegenheit_der_neuerrichteten_Univ;0.0012658228;0.0012658228;0.0012658228;0.0012658228;0.06455696200000001;0.0012658228;0.0012658228;0.0012658228;0.2417721519;0.0012658228;0.3050632911;0.0898734177;0.0012658228;0.0012658228;0.0012658228;0.0139240506;0.0012658228;0.0139240506;0.0012658228;0.2544303797
10_04_2_Der_verlegene_Magistrat._Eine_Anekdote;0.0020408163;0.022448979600000002;0.0020408163;0.0020408163;0.0020408163;0.0020408163;0.0020408163;0.10408163270000001;0.022448979600000002;0.0428571429;0.3081632653;0.0428571429;0.0020408163;0.0020408163;0.3285714286;0.0020408163;0.10408163270000001;0.0020408163;0.0020408163;0.0020408163
10_04_3_Theater._Den_2._October__Ton_des_Tages_Lustspiel_von_Vo;0.0553571429;0.0017857143;0.0196428571;0.0017857143;0.0017857143;0.0196428571;0.0196428571;0.0196428571;0.0732142857;0.0017857143;0.4482142857;0.0017857143;0.0017857143;0.0375;0.0017857143;0.0017857143;0.0196428571;0.0017857143;0.2696428571;0.0017857143
10_04_4_Tagesbegebenheiten._4.10.1810;0.0083333333;0.0083333333;0.09166666670000001;0.2583333333;0.0083333333;0.0083333333;0.0083333333;0.0083333333;0.0083333333;0.17500000000000002;0.17500000000000002;0.0083333333;0.0083333333;0.0083333333;0.09166666670000001;0.0083333333;0.0083333333;0.09166666670000001;0.0083333333;0.0083333333
10_04_5_Polizei-Rapport._Vom_4ten_October;0.0015624999999999999;0.0015624999999999999;0.1890625;0.017187499999999998;0.0015624999999999999;0.0015624999999999999;0.0015624999999999999;0.017187499999999998;0.0015624999999999999;0.0015624999999999999;0.26718749999999997;0.0796875;0.37656249999999997;0.0015624999999999999;0.0015624999999999999;0.0015624999999999999;0.0015624999999999999;0.0328125;0.0015624999999999999;0.0015624999999999999
10_05_1_Ode_auf_den_Wiedereinzug_des_Koenigs_im_Winter_1809;0.033333333300000004;0.033333333300000004;0.033333333300000004;0.033333333300000004;0.033333333300000004;0.033333333300000004;0.033333333300000004;0.033333333300000004;0.033333333300000004;0.36666666670000003;0.033333333300000004;0.033333333300000004;0.033333333300000004;0.033333333300000004;0.033333333300000004;0.033333333300000004;0.033333333300000004;0.033333333300000004;0.033333333300000004;0.033333333300000004
10_05_2_Literarische_Merkwuerdigkeiten;0.1421875;0.0015624999999999999;0.0015624999999999999;0.0640625;0.0015624999999999999;0.0015624999999999999;0.0015624999999999999;0.1265625;0.0015624999999999999;0.0015624999999999999;0.1734375;0.1265625;0.0015624999999999999;0.0015624999999999999;0.017187499999999998;0.0328125;0.0015624999999999999;0.0015624999999999999;0.0015624999999999999;0.29843749999999997
10_05_3_Der_Griffel_Gottes;0.0028571429;0.0028571429;0.0028571429;0.2885714286;0.0028571429;0.0028571429;0.0028571429;0.26;0.0028571429;0.0028571429;0.26;0.1171428571;0.0028571429;0.0028571429;0.0028571429;0.0314285714;0.0028571429;0.0028571429;0.0028571429;0.0028571429
10_05_4_Theater;0.0022222222;0.0022222222;0.0022222222;0.0022222222;0.0022222222;0.0022222222;0.0022222222;0.0911111111;0.0022222222;0.0022222222;0.2688888889;0.0022222222;0.0022222222;0.0022222222;0.0244444444;0.0022222222;0.0022222222;0.0022222222;0.58;0.0022222222
10_05_5_Tagesbegebenheiten._5.10.1810;0.0058823529;0.0058823529;0.0058823529;0.1235294118;0.1235294118;0.0058823529;0.0058823529;0.0058823529;0.0058823529;0.0058823529;0.0058823529;0.0647058824;0.5352941176;0.0058823529;0.0647058824;0.0058823529;0.0058823529;0.0058823529;0.0058823529;0.0058823529
10_05_6_An_das_Publikum;0.0012987013;0.0012987013;0.6506493506000001;0.0012987013;0.0012987013;0.0142857143;0.0012987013;0.0012987013;0.0012987013;0.0012987013;0.0662337662;0.0012987013;0.07922077920000001;0.0012987013;0.0012987013;0.0012987013;0.0142857143;0.1441558442;0.0012987013;0.0142857143
10_06_1_Kunst-Ausstellung;0.45468749999999997;0.0015624999999999999;0.0015624999999999999;0.0015624999999999999;0.0015624999999999999;0.0015624999999999999;0.0015624999999999999;0.017187499999999998;0.0328125;0.1578125;0.1734375;0.1265625;0.0015624999999999999;0.0015624999999999999;0.0015624999999999999;0.017187499999999998;0.0015624999999999999;0.0015624999999999999;0.0015624999999999999;0.0015624999999999999
10_06_2_Anekdote_aus_dem_letzten_preuischen_Kriege;0.0005882353;0.0182352941;0.0005882353;0.0182352941;0.0005882353;0.0123529412;0.041764705900000004;0.0711764706;0.0005882353;0.0005882353;0.0711764706;0.0005882353;0.0005882353;0.0005882353;0.7535294118;0.0005882353;0.0064705882;0.0005882353;0.0005882353;0.0005882353
10_06_3_Polizeiliche_Tages-Mittheilungen._6.10.1810;0.0076923077000000005;0.0076923077000000005;0.3153846154;0.0076923077000000005;0.0076923077000000005;0.0076923077000000005;0.0076923077000000005;0.0076923077000000005;0.0076923077000000005;0.0076923077000000005;0.0076923077000000005;0.0076923077000000005;0.4692307692;0.0076923077000000005;0.0076923077000000005;0.0076923077000000005;0.0076923077000000005;0.0076923077000000005;0.0076923077000000005;0.08461538460000001
10_06_4_Geruechte;0.0076923077000000005;0.0076923077000000005;0.0076923077000000005;0.0076923077000000005;0.0076923077000000005;0.0076923077000000005;0.0076923077000000005;0.1615384615;0.0076923077000000005;0.0076923077000000005;0.0076923077000000005;0.0076923077000000005;0.7000000000000001;0.0076923077000000005;0.0076923077000000005;0.0076923077000000005;0.0076923077000000005;0.0076923077000000005;0.0076923077000000005;0.0076923077000000005
10_06_5_Anzeige_Hitzig_v._6.10.1810;0.0071428571;0.0071428571;0.0071428571;0.0071428571;0.0071428571;0.0071428571;0.0071428571;0.0071428571;0.0071428571;0.0071428571;0.0071428571;0.0071428571;0.0071428571;0.0071428571;0.0071428571;0.0071428571;0.0071428571;0.0071428571;0.0071428571;0.8642857143
10_07_1_Kunst-Ausstellung._Fortsetzung.;0.4670454545;0.0011363636;0.0011363636;0.0011363636;0.0011363636;0.0125;0.0011363636;0.0011363636;0.0011363636;0.0011363636;0.2738636364;0.1715909091;0.0011363636;0.0011363636;0.0011363636;0.0011363636;0.0011363636;0.0011363636;0.0579545455;0.0011363636
10_07_2_Ueber_die_wissenschaftlichen_Deputationen.;0.0010989011;0.0120879121;0.0010989011;0.0010989011;0.0010989011;0.0120879121;0.0010989011;0.0010989011;0.4186813187;0.121978022;0.3857142857;0.0010989011;0.0010989011;0.0010989011;0.0010989011;0.0010989011;0.0340659341;0.0010989011;0.0010989011;0.0010989011
10_07_3_Polizei-Ereignis_v._7._Oct.;0.0166666667;0.0166666667;0.0166666667;0.0166666667;0.0166666667;0.0166666667;0.0166666667;0.0166666667;0.1833333333;0.0166666667;0.0166666667;0.0166666667;0.35000000000000003;0.0166666667;0.1833333333;0.0166666667;0.0166666667;0.0166666667;0.0166666667;0.0166666667
10_07_4_Etwas_ueber_den_Delinquenten_Schwarz_und_die_Mordbrenner-Band;0.0010869565;0.0010869565;0.0119565217;0.1097826087;0.0010869565;0.0010869565;0.0010869565;0.0010869565;0.0010869565;0.0010869565;0.2510869565;0.0010869565;0.272826087;0.0445652174;0.0010869565;0.1641304348;0.0336956522;0.0010869565;0.0989130435;0.0010869565
10_08_1_Kunst-Ausstellung._Forts.;0.5430555556000001;0.0013888889;0.0013888889;0.015277777800000001;0.0013888889;0.0013888889;0.0569444444;0.0291666667;0.0430555556;0.0430555556;0.16805555560000002;0.0013888889;0.0013888889;0.0013888889;0.0430555556;0.0013888889;0.0291666667;0.015277777800000001;0.0013888889;0.0013888889
10_08_2_Betrachtungen_ue._d._Weltlauf;0.0738095238;0.0023809524;0.0023809524;0.0023809524;0.0023809524;0.0023809524;0.0023809524;0.0023809524;0.0738095238;0.0023809524;0.5023809524;0.0023809524;0.0023809524;0.0023809524;0.0023809524;0.0261904762;0.0261904762;0.1452380952;0.0023809524;0.1214285714
10_08_3_Polizeiliche_Tages-Mittheilungen._9.10.1810;0.002173913;0.002173913;0.002173913;0.002173913;0.002173913;0.002173913;0.002173913;0.2630434783;0.002173913;0.002173913;0.002173913;0.002173913;0.697826087;0.002173913;0.002173913;0.002173913;0.002173913;0.002173913;0.002173913;0.002173913
10_08_4_Stadt-Geruecht.;0.0142857143;0.0142857143;0.0142857143;0.0142857143;0.0142857143;0.0142857143;0.30000000000000004;0.30000000000000004;0.0142857143;0.0142857143;0.0142857143;0.0142857143;0.0142857143;0.0142857143;0.0142857143;0.0142857143;0.0142857143;0.0142857143;0.0142857143;0.1571428571
10_08_5_Anzeige_Hitzig_v._9.10.1810;0.0058823529;0.0058823529;0.0058823529;0.0058823529;0.0058823529;0.0058823529;0.0058823529;0.0058823529;0.0058823529;0.0058823529;0.0058823529;0.0058823529;0.0058823529;0.0058823529;0.0058823529;0.0058823529;0.0058823529;0.0058823529;0.0058823529;0.8882352941
10_08_6_Druckfehler-Korrektur;0.02;0.02;0.42;0.02;0.02;0.02;0.22;0.02;0.02;0.02;0.02;0.02;0.02;0.02;0.02;0.02;0.02;0.02;0.02;0.02
10_09_1_Kunst-Ausstellung.;0.6536231884;0.0014492754;0.0014492754;0.0014492754;0.0014492754;0.0014492754;0.0739130435;0.0014492754;0.0014492754;0.0014492754;0.2188405797;0.0014492754;0.0014492754;0.0304347826;0.0014492754;0.0014492754;0.0014492754;0.0014492754;0.0014492754;0.0014492754
10_09_2_Muthwille_des_Himmels.;0.0561643836;0.0424657534;0.001369863;0.0835616438;0.0150684932;0.001369863;0.001369863;0.2753424658;0.001369863;0.001369863;0.0561643836;0.0424657534;0.028767123300000003;0.001369863;0.3849315068;0.001369863;0.001369863;0.001369863;0.001369863;0.001369863
10_09_3_Anzeige.;0.0090909091;0.0090909091;0.5545454545;0.0090909091;0.0090909091;0.0090909091;0.0090909091;0.0090909091;0.0090909091;0.0090909091;0.0090909091;0.0090909091;0.0090909091;0.0090909091;0.0090909091;0.1909090909;0.0090909091;0.0090909091;0.0090909091;0.1
10_09_4_Polizeiliche_Tages-Mittheilungen._10.10.1810;0.011111111100000001;0.011111111100000001;0.011111111100000001;0.011111111100000001;0.011111111100000001;0.011111111100000001;0.12222222220000001;0.011111111100000001;0.011111111100000001;0.011111111100000001;0.011111111100000001;0.011111111100000001;0.6777777778;0.011111111100000001;0.011111111100000001;0.011111111100000001;0.011111111100000001;0.011111111100000001;0.011111111100000001;0.011111111100000001
10_09_5_Anzeige_Hitzig_v._10.10.1810;0.006666666700000001;0.006666666700000001;0.006666666700000001;0.006666666700000001;0.006666666700000001;0.006666666700000001;0.006666666700000001;0.006666666700000001;0.006666666700000001;0.006666666700000001;0.006666666700000001;0.006666666700000001;0.006666666700000001;0.006666666700000001;0.006666666700000001;0.006666666700000001;0.006666666700000001;0.006666666700000001;0.006666666700000001;0.8733333333000001
10_09_6_Druckfehler.;0.0083333333;0.0083333333;0.0083333333;0.0083333333;0.09166666670000001;0.0083333333;0.0083333333;0.0083333333;0.0083333333;0.09166666670000001;0.0083333333;0.0083333333;0.2583333333;0.09166666670000001;0.0083333333;0.0083333333;0.0083333333;0.3416666667;0.0083333333;0.0083333333
10_10_1_Bettelweib_von_Locarno_BA-Fassung;0.0004405286;0.0004405286;0.0004405286;0.0136563877;0.0224669604;0.0004405286;0.07092511010000001;0.6171806167;0.0004405286;0.0004405286;0.159030837;0.031277533;0.07533039650000001;0.0004405286;0.0004405286;0.0004405286;0.0004405286;0.004845815000000001;0.0004405286;0.0004405286
10_10_2_Raethsel_auf_ein_Bild_der_Ausstellung_dieses_Jahres.;0.525;0.025;0.025;0.025;0.025;0.025;0.025;0.025;0.025;0.025;0.025;0.025;0.025;0.025;0.025;0.025;0.025;0.025;0.025;0.025
10_10_3_Polizeiliche_Tages-Mittheilungen.;0.01;0.01;0.01;0.01;0.31;0.11;0.01;0.01;0.01;0.01;0.01;0.01;0.41000000000000003;0.01;0.01;0.01;0.01;0.01;0.01;0.01
10_11_1_Ueber_Christian_Jakob_Kraus.;0.0009009009;0.0009009009;0.0009009009;0.0009009009;0.0009009009;0.0099099099;0.0009009009;0.0009009009;0.6765765766;0.0009009009;0.2171171171;0.0009009009;0.0009009009;0.0009009009;0.0009009009;0.0009009009;0.07297297300000001;0.0009009009;0.0099099099;0.0009009009
10_11_2_Entwurf_einer_Bombenpost.;0.0012658228;0.0012658228;0.0012658228;0.0012658228;0.0012658228;0.07721518990000001;0.07721518990000001;0.0012658228;0.0012658228;0.0392405063;0.317721519;0.0012658228;0.0012658228;0.0012658228;0.0012658228;0.0012658228;0.0265822785;0.4316455696;0.0139240506;0.0012658228
10_11_3_Auf_einen_Denuncianten.;0.025;0.275;0.275;0.025;0.025;0.025;0.025;0.025;0.025;0.025;0.025;0.025;0.025;0.025;0.025;0.025;0.025;0.025;0.025;0.025
10_11_4_Polizeiliche_Tages-Mittheilungen._12.10.1810;0.00625;0.00625;0.00625;0.00625;0.00625;0.00625;0.00625;0.00625;0.06875;0.00625;0.06875;0.00625;0.7562500000000001;0.00625;0.00625;0.00625;0.00625;0.00625;0.00625;0.00625
10_12_1_Empfindungen_vor_Friedrichs_Seelandschaft.;0.3895522388;0.0014925373;0.0014925373;0.15074626870000002;0.0164179104;0.0014925373;0.0014925373;0.0014925373;0.0014925373;0.0014925373;0.30000000000000004;0.076119403;0.0014925373;0.0014925373;0.0014925373;0.0014925373;0.0164179104;0.0014925373;0.0014925373;0.0313432836
10_12_2_Den_6ten_October__Selbstbeherrschung.;0.315625;0.0031249999999999997;0.09687499999999999;0.0031249999999999997;0.0031249999999999997;0.0031249999999999997;0.0031249999999999997;0.034374999999999996;0.034374999999999996;0.065625;0.065625;0.0031249999999999997;0.0031249999999999997;0.0031249999999999997;0.0031249999999999997;0.0031249999999999997;0.0031249999999999997;0.0031249999999999997;0.346875;0.0031249999999999997
10_12_3_Chariteu-Vorfall.;0.002;0.002;0.002;0.062;0.042;0.002;0.582;0.042;0.002;0.002;0.10200000000000001;0.002;0.14200000000000002;0.002;0.002;0.002;0.002;0.002;0.002;0.002
10_12_4_Aufloesung_des_Raethsels_im_vorigen_Blatt.;0.033333333300000004;0.36666666670000003;0.033333333300000004;0.033333333300000004;0.033333333300000004;0.033333333300000004;0.033333333300000004;0.033333333300000004;0.033333333300000004;0.033333333300000004;0.033333333300000004;0.033333333300000004;0.033333333300000004;0.033333333300000004;0.033333333300000004;0.033333333300000004;0.033333333300000004;0.033333333300000004;0.033333333300000004;0.033333333300000004
10_12_5_Miscellen._13.10.1810;0.00625;0.38125000000000003;0.13125;0.13125;0.00625;0.00625;0.00625;0.00625;0.00625;0.00625;0.00625;0.00625;0.19375;0.00625;0.00625;0.00625;0.00625;0.00625;0.06875;0.00625
10_12_6_Polizeiliche_Tages-Mittheilungen._13.10.1810;0.0090909091;0.0090909091;0.0090909091;0.0090909091;0.0090909091;0.0090909091;0.0090909091;0.0090909091;0.0090909091;0.0090909091;0.0090909091;0.0090909091;0.7363636364;0.0090909091;0.0090909091;0.0090909091;0.0090909091;0.0090909091;0.1;0.0090909091
10_12_7_Anzeige_J._E._Hitzig_v._13.10.1810;0.0083333333;0.0083333333;0.425;0.0083333333;0.09166666670000001;0.0083333333;0.0083333333;0.0083333333;0.0083333333;0.0083333333;0.0083333333;0.0083333333;0.0083333333;0.0083333333;0.0083333333;0.0083333333;0.0083333333;0.0083333333;0.0083333333;0.3416666667
10_13_1_Geburtstag_des_Kronprinzen;0.033333333300000004;0.033333333300000004;0.033333333300000004;0.033333333300000004;0.033333333300000004;0.033333333300000004;0.033333333300000004;0.033333333300000004;0.033333333300000004;0.033333333300000004;0.033333333300000004;0.033333333300000004;0.033333333300000004;0.033333333300000004;0.033333333300000004;0.36666666670000003;0.033333333300000004;0.033333333300000004;0.033333333300000004;0.033333333300000004
10_13_2_Schreiben_aus_Berlin;0.0010638298000000001;0.0010638298000000001;0.0010638298000000001;0.0010638298000000001;0.0010638298000000001;0.0010638298000000001;0.054255319100000005;0.064893617;0.0010638298000000001;0.0010638298000000001;0.15;0.0010638298000000001;0.0010638298000000001;0.0117021277;0.0010638298000000001;0.09680851060000001;0.0010638298000000001;0.5755319149;0.0010638298000000001;0.0329787234
10_13_3_Der_Studenten_erstes_Lebehoch;0.025;0.025;0.025;0.025;0.025;0.025;0.025;0.025;0.025;0.025;0.025;0.025;0.025;0.025;0.025;0.275;0.025;0.275;0.025;0.025
10_13_4_Miscellen;0.0071428571;0.0785714286;0.15;0.0071428571;0.0071428571;0.0071428571;0.0071428571;0.0071428571;0.0071428571;0.15;0.0071428571;0.0071428571;0.0071428571;0.0071428571;0.0071428571;0.43571428570000004;0.0071428571;0.0785714286;0.0071428571;0.0071428571
10_13_5_Polizeiliche_Tages-Mitteilungen_15.10.1810;0.006666666700000001;0.006666666700000001;0.006666666700000001;0.2066666667;0.0733333333;0.27333333330000004;0.006666666700000001;0.006666666700000001;0.006666666700000001;0.006666666700000001;0.2066666667;0.006666666700000001;0.14;0.006666666700000001;0.006666666700000001;0.006666666700000001;0.006666666700000001;0.006666666700000001;0.006666666700000001;0.006666666700000001
10_14_1_Kunst-Ausstellung_Fortsetzung_v._9._Blatt;0.5078571429000001;0.0007142857000000001;0.0007142857000000001;0.0007142857000000001;0.0007142857000000001;0.0007142857000000001;0.0007142857000000001;0.0078571429;0.057857142900000005;0.0007142857000000001;0.3721428571;0.015;0.0007142857000000001;0.0007142857000000001;0.0007142857000000001;0.0007142857000000001;0.0007142857000000001;0.0292857143;0.0007142857000000001;0.0007142857000000001
10_14_2_Schreiben_eines_Berliner_Einwohners_an_den_Hrsg._d._Abendbl.;0.0012820513;0.0012820513;0.1166666667;0.0012820513;0.0012820513;0.0782051282;0.0012820513;0.10384615380000001;0.026923076900000002;0.0012820513;0.20641025640000002;0.0782051282;0.0397435897;0.0012820513;0.0012820513;0.0012820513;0.014102564100000001;0.3217948718;0.0012820513;0.0012820513
10_14_3_Antwort_an_den_Einsender_des_obigen_Briefes;0.0041666667;0.0041666667;0.0458333333;0.0041666667;0.0458333333;0.0041666667;0.0458333333;0.0041666667;0.0041666667;0.0041666667;0.12916666670000002;0.0041666667;0.0041666667;0.0041666667;0.0041666667;0.0041666667;0.0458333333;0.6291666667;0.0041666667;0.0041666667
10_14_4_Fragment_eines_Haushofmeisters-Examens_aus_dem_Shakespear;0.0166666667;0.0166666667;0.0166666667;0.0166666667;0.0166666667;0.0166666667;0.0166666667;0.0166666667;0.5166666667;0.0166666667;0.0166666667;0.0166666667;0.0166666667;0.0166666667;0.0166666667;0.0166666667;0.0166666667;0.0166666667;0.1833333333;0.0166666667
10_14_5_Miscellen_16.10.1810;0.0166666667;0.0166666667;0.0166666667;0.0166666667;0.0166666667;0.0166666667;0.0166666667;0.0166666667;0.0166666667;0.0166666667;0.0166666667;0.0166666667;0.6833333333;0.0166666667;0.0166666667;0.0166666667;0.0166666667;0.0166666667;0.0166666667;0.0166666667
10_14_6_Ueber_die_gestrige_Luftschiffahrt_des_Herrn_Claudius_Extrab;0.0009615385;0.0105769231;0.0009615385;0.0009615385;0.0009615385;0.0105769231;0.0009615385;0.020192307700000002;0.0009615385;0.0009615385;0.3855769231;0.0009615385;0.0009615385;0.0105769231;0.0009615385;0.0009615385;0.0009615385;0.5490384615;0.0009615385;0.0009615385
10_14_7_Polizeiliche_Tages-Mittheilungen._Extrablatt_v._16.10.1810;0.0125;0.0125;0.0125;0.0125;0.0125;0.0125;0.0125;0.1375;0.0125;0.0125;0.0125;0.0125;0.6375000000000001;0.0125;0.0125;0.0125;0.0125;0.0125;0.0125;0.0125
10_15_1_Kunst-Ausstellung_Forts.;0.6677777778;0.0011111111;0.0011111111;0.0011111111;0.0011111111;0.0344444444;0.0011111111;0.0344444444;0.0011111111;0.0566666667;0.1122222222;0.0122222222;0.0011111111;0.0011111111;0.0011111111;0.0455555556;0.0122222222;0.0011111111;0.0122222222;0.0011111111
10_15_2_Theater._Unmagebliche_Bemerkung;0.0010204082;0.011224489800000001;0.0010204082;0.0010204082;0.0010204082;0.0010204082;0.0010204082;0.0010204082;0.0826530612;0.011224489800000001;0.2255102041;0.021428571400000002;0.0010204082;0.0826530612;0.0010204082;0.0010204082;0.06224489800000001;0.14387755100000002;0.3479591837;0.0010204082
10_15_3_An_die_Nachtigall;0.0142857143;0.0142857143;0.0142857143;0.0142857143;0.0142857143;0.5857142857000001;0.0142857143;0.0142857143;0.0142857143;0.0142857143;0.0142857143;0.0142857143;0.0142857143;0.1571428571;0.0142857143;0.0142857143;0.0142857143;0.0142857143;0.0142857143;0.0142857143
10_15_4_Miscellen_17.10.1810;0.0055555556;0.45;0.0055555556;0.0055555556;0.061111111100000004;0.0055555556;0.0055555556;0.0055555556;0.0055555556;0.1722222222;0.0055555556;0.1166666667;0.061111111100000004;0.0055555556;0.0055555556;0.0055555556;0.0055555556;0.0055555556;0.0055555556;0.061111111100000004
10_15_5_Polizeiliche_Tages-Mittheilungen_17.10.1810;0.006666666700000001;0.006666666700000001;0.006666666700000001;0.006666666700000001;0.006666666700000001;0.006666666700000001;0.006666666700000001;0.14;0.006666666700000001;0.006666666700000001;0.0733333333;0.006666666700000001;0.6733333333;0.006666666700000001;0.006666666700000001;0.006666666700000001;0.006666666700000001;0.006666666700000001;0.006666666700000001;0.006666666700000001
10_16_1_Kunst-Ausstellung_Fortsetzung.;0.32021276600000004;0.0010638298000000001;0.0117021277;0.09680851060000001;0.0010638298000000001;0.0010638298000000001;0.0010638298000000001;0.1606382979;0.0010638298000000001;0.0436170213;0.32021276600000004;0.0010638298000000001;0.0010638298000000001;0.0010638298000000001;0.0223404255;0.0010638298000000001;0.0010638298000000001;0.0117021277;0.0010638298000000001;0.0010638298000000001
10_16_2_Theater._Achilles_von_Paer;0.0013888889;0.0013888889;0.0291666667;0.0013888889;0.0013888889;0.0013888889;0.015277777800000001;0.0013888889;0.0013888889;0.015277777800000001;0.33472222220000003;0.0013888889;0.0013888889;0.0013888889;0.0013888889;0.015277777800000001;0.015277777800000001;0.0013888889;0.47361111110000004;0.0847222222
10_16_3_Stadt-Neuigkeiten;0.0038461538;0.0038461538;0.0038461538;0.0038461538;0.042307692300000005;0.042307692300000005;0.0038461538;0.08076923080000001;0.0038461538;0.042307692300000005;0.0038461538;0.38846153850000004;0.042307692300000005;0.0038461538;0.0038461538;0.08076923080000001;0.0038461538;0.0038461538;0.2346153846;0.0038461538
10_16_4_Polizeiliche_Tages-Mittheilungen;0.0076923077000000005;0.0076923077000000005;0.08461538460000001;0.0076923077000000005;0.0076923077000000005;0.0076923077000000005;0.08461538460000001;0.0076923077000000005;0.0076923077000000005;0.0076923077000000005;0.0076923077000000005;0.0076923077000000005;0.6230769231000001;0.0076923077000000005;0.0076923077000000005;0.0076923077000000005;0.0076923077000000005;0.08461538460000001;0.0076923077000000005;0.0076923077000000005
10_16_5_Neueste_Nachricht;0.0166666667;0.0166666667;0.0166666667;0.0166666667;0.0166666667;0.0166666667;0.0166666667;0.0166666667;0.0166666667;0.0166666667;0.0166666667;0.0166666667;0.0166666667;0.0166666667;0.0166666667;0.0166666667;0.0166666667;0.6833333333;0.0166666667;0.0166666667
10_16_6_Anzeige_C.J._Kraus_Antikritik;0.004545454500000001;0.05;0.5045454545;0.004545454500000001;0.004545454500000001;0.004545454500000001;0.004545454500000001;0.004545454500000001;0.3681818182;0.004545454500000001;0.004545454500000001;0.004545454500000001;0.004545454500000001;0.004545454500000001;0.004545454500000001;0.004545454500000001;0.004545454500000001;0.004545454500000001;0.004545454500000001;0.004545454500000001
10_17_1_Kunst-Ausstellung_Beschlu.;0.5610169492;0.0016949153;0.0016949153;0.0016949153;0.0016949153;0.0016949153;0.0016949153;0.0016949153;0.0016949153;0.0016949153;0.4084745763;0.0016949153;0.0016949153;0.0016949153;0.0016949153;0.0016949153;0.0016949153;0.0016949153;0.0016949153;0.0016949153
10_17_2_Theater._Achilles_von_Paer._II;0.1701298701;0.0012987013;0.0012987013;0.0272727273;0.0012987013;0.0272727273;0.0272727273;0.0272727273;0.0012987013;0.0012987013;0.32597402600000003;0.0012987013;0.0012987013;0.0012987013;0.0012987013;0.0012987013;0.0012987013;0.0012987013;0.3779220779;0.0012987013
10_17_3_Der_Branntweinsaeufer_und_die_Berliner_Glocken;0.0015873016000000002;0.0015873016000000002;0.0492063492;0.0968253968;0.0015873016000000002;0.0492063492;0.0015873016000000002;0.0174603175;0.0015873016000000002;0.0015873016000000002;0.080952381;0.0015873016000000002;0.0174603175;0.0015873016000000002;0.6365079365;0.033333333300000004;0.0015873016000000002;0.0015873016000000002;0.0015873016000000002;0.0015873016000000002
10_17_4_Polizeiliche_Tages-Mittheilungen_19.10.1810;0.004;0.004;0.004;0.004;0.324;0.004;0.004;0.044;0.004;0.044;0.004;0.004;0.524;0.004;0.004;0.004;0.004;0.004;0.004;0.004
10_18_1_Theater._Ueber_Darstellbarkeit_auf_der_Buehne;0.1013422819;0.0006711409000000001;0.0006711409000000001;0.0006711409000000001;0.0006711409000000001;0.0006711409000000001;0.0006711409000000001;0.0409395973;0.0006711409000000001;0.027516778500000002;0.45704697990000004;0.0140939597;0.0006711409000000001;0.0006711409000000001;0.061073825500000005;0.0006711409000000001;0.0006711409000000001;0.0140939597;0.2758389262;0.0006711409000000001
10_18_2_Anekdote_aus_dem_letzten_Kriege;0.002173913;0.0239130435;0.1108695652;0.0239130435;0.002173913;0.1108695652;0.0456521739;0.002173913;0.002173913;0.002173913;0.1108695652;0.002173913;0.002173913;0.002173913;0.5239130435;0.002173913;0.002173913;0.0239130435;0.002173913;0.002173913
10_18_3_Warum_werden_die_Abendblaetter_nicht_auch_Sonntags_ausgegeben;0.005;0.005;0.105;0.005;0.005;0.005;0.105;0.305;0.005;0.005;0.105;0.255;0.005;0.005;0.005;0.005;0.005;0.005;0.055;0.005
10_18_4_Polizeiliche_Tages-Mittheilungen_20.10.1810;0.004;0.004;0.004;0.044;0.004;0.084;0.004;0.084;0.004;0.004;0.044;0.004;0.684;0.004;0.004;0.004;0.004;0.004;0.004;0.004
10_19_1_Erklaerung_Herausgeberschaft;0.005;0.055;0.355;0.005;0.005;0.005;0.005;0.005;0.005;0.005;0.155;0.005;0.005;0.005;0.005;0.055;0.055;0.005;0.005;0.255
10_19_2_Christian_Jacob_Kraus;0.0369565217;0.0007246377;0.0007246377;0.0007246377;0.0007246377;0.0007246377;0.0007246377;0.0007246377;0.4572463768;0.0007246377;0.31231884060000004;0.1239130435;0.0079710145;0.0007246377;0.0007246377;0.0007246377;0.0442028986;0.0079710145;0.0007246377;0.0007246377
10_19_3_Literarnotiz;0.13125;0.25625000000000003;0.00625;0.00625;0.00625;0.00625;0.00625;0.13125;0.19375;0.00625;0.00625;0.00625;0.00625;0.00625;0.00625;0.00625;0.00625;0.00625;0.00625;0.19375
10_19_4_Brief_eines_Mahlers_an_seinen_Sohn;0.16875;0.0020833333000000002;0.0020833333000000002;0.0020833333000000002;0.0020833333000000002;0.0020833333000000002;0.0020833333000000002;0.0645833333;0.0020833333000000002;0.0020833333000000002;0.2104166667;0.5020833333;0.0020833333000000002;0.0020833333000000002;0.0020833333000000002;0.0020833333000000002;0.0229166667;0.0020833333000000002;0.0020833333000000002;0.0020833333000000002
10_19_5_Polizeiliche_Tages-Mittheilungen;0.0058823529;0.0058823529;0.0058823529;0.0058823529;0.0058823529;0.2411764706;0.0058823529;0.0058823529;0.0058823529;0.0058823529;0.0058823529;0.0058823529;0.6529411765;0.0058823529;0.0058823529;0.0058823529;0.0058823529;0.0058823529;0.0058823529;0.0058823529
10_19_6_Erklaerung_Friedrichs_Seelandschaft;0.055;0.005;0.355;0.005;0.105;0.005;0.005;0.005;0.255;0.005;0.005;0.005;0.005;0.005;0.005;0.005;0.005;0.055;0.005;0.105
10_20_1_Christian_Jacob_Kraus._Forts.;0.00859375;0.00078125;0.00078125;0.00078125;0.00078125;0.03203125;0.00078125;0.00078125;0.34453125;0.00078125;0.30546875;0.11015625;0.00078125;0.00078125;0.00078125;0.00078125;0.18828125;0.00078125;0.00078125;0.00078125
10_20_2_Zuschrift_eines_Predigers_an_den_Hrsg;0.0018181818000000001;0.0018181818000000001;0.0381818182;0.0018181818000000001;0.0018181818000000001;0.0018181818000000001;0.0018181818000000001;0.0018181818000000001;0.0927272727;0.0018181818000000001;0.3290909091;0.2381818182;0.0018181818000000001;0.0018181818000000001;0.0018181818000000001;0.0018181818000000001;0.0018181818000000001;0.2745454545;0.0018181818000000001;0.0018181818000000001
10_20_3_Nachricht_an_den_Einsender_obigen_Briefes.;0.004;0.004;0.004;0.004;0.044;0.004;0.004;0.004;0.004;0.044;0.20400000000000001;0.124;0.004;0.004;0.004;0.004;0.004;0.524;0.004;0.004
10_20_4_Anekdote._Shakespear;0.0028571429;0.0028571429;0.0028571429;0.0028571429;0.0028571429;0.0028571429;0.0885714286;0.1457142857;0.0028571429;0.0028571429;0.2028571429;0.0028571429;0.0314285714;0.0314285714;0.0314285714;0.0028571429;0.0028571429;0.0028571429;0.4314285714;0.0028571429
10_20_5_Miscellen;0.0043478261;0.2217391304;0.047826087;0.0043478261;0.047826087;0.0043478261;0.0043478261;0.0043478261;0.0043478261;0.0913043478;0.0043478261;0.1347826087;0.0043478261;0.0043478261;0.0043478261;0.3956521739;0.0043478261;0.0043478261;0.0043478261;0.0043478261
10_20_6_Polizeiliche_Tages-Mittheilungen._23.10.1810;0.0052631579;0.0052631579;0.0052631579;0.0052631579;0.0578947368;0.0052631579;0.0052631579;0.0578947368;0.0052631579;0.0578947368;0.0052631579;0.0052631579;0.6368421053000001;0.0052631579;0.0052631579;0.11052631580000001;0.0052631579;0.0052631579;0.0052631579;0.0052631579
10_20_7_Anzeige_J._E._Hitzig;0.0083333333;0.0083333333;0.0083333333;0.0083333333;0.0083333333;0.0083333333;0.0083333333;0.0083333333;0.0083333333;0.0083333333;0.0083333333;0.0083333333;0.0083333333;0.0083333333;0.0083333333;0.0083333333;0.0083333333;0.0083333333;0.0083333333;0.8416666667
10_21_1_Christian_Jacob_Kraus._Beschlu.;0.0014084507000000001;0.0014084507000000001;0.043661971800000005;0.0014084507000000001;0.0014084507000000001;0.0014084507000000001;0.0014084507000000001;0.043661971800000005;0.3816901408;0.0014084507000000001;0.1281690141;0.0295774648;0.0295774648;0.0014084507000000001;0.0014084507000000001;0.0014084507000000001;0.3112676056;0.0014084507000000001;0.0154929577;0.0014084507000000001
10_21_2_Fragmente_aus_den_Papieren_eines_Zuschauers_am_Tage;0.0465909091;0.0011363636;0.0011363636;0.023863636400000002;0.3193181818;0.0011363636;0.0465909091;0.023863636400000002;0.2284090909;0.0011363636;0.1488636364;0.0011363636;0.0011363636;0.0011363636;0.0011363636;0.0011363636;0.1147727273;0.0352272727;0.0011363636;0.0011363636
10_21_4_Der_witzige_Tischgesellschafter;0.025;0.025;0.025;0.025;0.025;0.025;0.025;0.025;0.025;0.025;0.025;0.025;0.275;0.025;0.275;0.025;0.025;0.025;0.025;0.025
10_21_5_Anekdote._Bach;0.00625;0.00625;0.00625;0.00625;0.00625;0.00625;0.06875;0.6312500000000001;0.00625;0.00625;0.00625;0.00625;0.00625;0.00625;0.13125;0.00625;0.06875;0.00625;0.00625;0.00625
10_21_6_Polizeiliche_Tages-Mittheilungen._24.10.1810;0.005;0.005;0.005;0.005;0.255;0.005;0.005;0.005;0.005;0.005;0.005;0.055;0.555;0.005;0.005;0.005;0.005;0.005;0.005;0.055
10_21_7_Anzeige_J._E._Hitzig;0.0125;0.0125;0.0125;0.0125;0.0125;0.0125;0.0125;0.0125;0.0125;0.0125;0.0125;0.0125;0.0125;0.0125;0.0125;0.0125;0.0125;0.0125;0.0125;0.7625000000000001
10_22_1_Das_Gesicht_Karls_XI._Einleitung;0.0038461538;0.0038461538;0.2346153846;0.0038461538;0.0038461538;0.0038461538;0.042307692300000005;0.08076923080000001;0.1192307692;0.1192307692;0.08076923080000001;0.0038461538;0.0038461538;0.0038461538;0.0038461538;0.042307692300000005;0.0038461538;0.0038461538;0.0038461538;0.2346153846
10_22_2_Das_Gesicht_Karls_XI._Document;0.016800000000000002;0.016800000000000002;0.0008;0.0008;0.0008;0.0008;0.7288;0.0568;0.0008;0.0488;0.0008;0.0008;0.0008;0.0408;0.0008;0.0728;0.0008;0.0088;0.0008;0.0008
10_22_3_Literarische_Neuigkeiten;0.0682692308;0.0009615385;0.0009615385;0.1355769231;0.0009615385;0.0009615385;0.0009615385;0.0009615385;0.07788461540000001;0.0009615385;0.2798076923;0.0298076923;0.0009615385;0.0009615385;0.0009615385;0.0009615385;0.0009615385;0.0009615385;0.0009615385;0.3951923077
10_22_4_Franzoesisches_Exercitium;0.0861111111;0.058333333300000005;0.0027777778;0.0027777778;0.0027777778;0.0027777778;0.0027777778;0.1138888889;0.0027777778;0.0027777778;0.3083333333;0.0861111111;0.0027777778;0.058333333300000005;0.2527777778;0.0027777778;0.0027777778;0.0027777778;0.0027777778;0.0027777778
10_22_5_Polizeiliche_Tages-Mittheilungen._25.10.1810;0.0076923077000000005;0.0076923077000000005;0.0076923077000000005;0.0076923077000000005;0.0076923077000000005;0.0076923077000000005;0.0076923077000000005;0.0076923077000000005;0.0076923077000000005;0.0076923077000000005;0.0076923077000000005;0.0076923077000000005;0.8538461538000001;0.0076923077000000005;0.0076923077000000005;0.0076923077000000005;0.0076923077000000005;0.0076923077000000005;0.0076923077000000005;0.0076923077000000005
10_23_1_Das_Gesicht_Karls_XI._Beschlu.;0.0006134969;0.0067484663;0.0006134969;0.0190184049;0.0006134969;0.0006134969;0.3932515337;0.2214723926;0.0006134969;0.2766871166;0.0742331288;0.0006134969;0.0006134969;0.0006134969;0.0006134969;0.0006134969;0.0006134969;0.0006134969;0.0006134969;0.0006134969
10_23_2_R._Eylert;0.048113207500000005;0.0009433962000000001;0.0764150943;0.0009433962000000001;0.0198113208;0.0009433962000000001;0.0009433962000000001;0.0009433962000000001;0.0009433962000000001;0.0009433962000000001;0.2745283019;0.4632075472;0.0009433962000000001;0.0009433962000000001;0.0009433962000000001;0.0009433962000000001;0.0764150943;0.010377358500000001;0.0009433962000000001;0.0198113208
10_23_3_Kriegsregel;0.00625;0.00625;0.00625;0.00625;0.00625;0.00625;0.06875;0.00625;0.00625;0.00625;0.00625;0.13125;0.06875;0.06875;0.5687500000000001;0.00625;0.00625;0.00625;0.00625;0.00625
10_23_4_Miscellen;0.0724137931;0.3827586207;0.10689655170000001;0.0034482759;0.0034482759;0.0034482759;0.0034482759;0.0034482759;0.0379310345;0.0034482759;0.0034482759;0.0034482759;0.0034482759;0.0034482759;0.0034482759;0.3482758621;0.0034482759;0.0034482759;0.0034482759;0.0034482759
10_23_5_Polizeiliche_Tages-Mittheilungen._26.10.1810;0.0083333333;0.0083333333;0.0083333333;0.0083333333;0.0083333333;0.0083333333;0.0083333333;0.0083333333;0.0083333333;0.0083333333;0.0083333333;0.0083333333;0.8416666667;0.0083333333;0.0083333333;0.0083333333;0.0083333333;0.0083333333;0.0083333333;0.0083333333
10_24_1_Antikritik;0.025625;0.000625;0.013125;0.000625;0.000625;0.000625;0.006875;0.000625;0.49437499999999995;0.013125;0.28812499999999996;0.106875;0.000625;0.013125;0.000625;0.000625;0.013125;0.000625;0.019375;0.000625
10_24_2_Bescheidene_Anfrage;0.0022727273;0.0022727273;0.0022727273;0.0022727273;0.0022727273;0.025;0.025;0.0022727273;0.2068181818;0.0022727273;0.3204545455;0.07045454550000001;0.0022727273;0.0022727273;0.0022727273;0.0022727273;0.0022727273;0.1159090909;0.0022727273;0.2068181818
10_24_3_Miscellen_27.10.1810;0.0047619048;0.48095238100000004;0.0047619048;0.0047619048;0.0523809524;0.0047619048;0.0047619048;0.0047619048;0.0047619048;0.0047619048;0.0047619048;0.0047619048;0.1;0.2904761905;0.0047619048;0.0047619048;0.0047619048;0.0047619048;0.0047619048;0.0047619048
10_24_4_Polizeiliche_Tages-Mittheilungen_27.10.1810;0.0058823529;0.0058823529;0.0058823529;0.0058823529;0.0058823529;0.0058823529;0.0058823529;0.2411764706;0.0058823529;0.0058823529;0.0058823529;0.0058823529;0.6529411765;0.0058823529;0.0058823529;0.0058823529;0.0058823529;0.0058823529;0.0058823529;0.0058823529
10_24_5_Anzeige_Hitzig_27.10.1810;0.0071428571;0.0071428571;0.2214285714;0.0071428571;0.0071428571;0.0071428571;0.0071428571;0.0071428571;0.0071428571;0.0071428571;0.0071428571;0.0071428571;0.0071428571;0.0071428571;0.0071428571;0.0071428571;0.0071428571;0.0071428571;0.0071428571;0.65
10_25_1_Allerneuester_Erziehungsplan;0.1083333333;0.0011904762;0.048809523800000004;0.0011904762;0.0011904762;0.42976190480000004;0.0011904762;0.0011904762;0.0011904762;0.0011904762;0.3583333333;0.0011904762;0.0011904762;0.025;0.0011904762;0.0011904762;0.0130952381;0.0011904762;0.0011904762;0.0011904762
